原始 weight 矩陣
3	70	99999	184	99999	127	
70	3	104	99999	183	99999	
99999	104	3	103	99999	195	
184	99999	103	3	88	99999	
99999	183	99999	88	3	71	
127	99999	195	99999	71	3	

最短 weight 矩陣
3	70	174	184	198	127	
70	3	104	207	183	197	
174	104	3	103	191	195	
184	207	103	3	88	159	
198	183	191	88	3	71	
127	197	195	159	71	3	

路徑矩陣
-1	-1	1	-1	5	-1	
-1	-1	-1	2	-1	0	
1	-1	-1	-1	3	-1	
-1	2	-1	-1	-1	4	
5	-1	3	-1	-1	-1	
-1	0	-1	4	-1	-1	

pairs
0	5	1	4	2	3	
0	5	1	3	2	4	
0	5	1	2	3	4	
0	1	2	5	3	4	
0	1	2	4	3	5	
0	1	2	3	4	5	
0	2	1	5	3	4	
0	2	1	3	4	5	
0	2	1	4	3	5	
0	3	1	5	2	4	
0	3	1	4	2	5	
0	3	1	2	4	5	
0	4	1	5	2	3	
0	4	1	3	2	5	
0	4	1	2	3	5	

costs
413
525
319
353
420
244
459
452
516
572
562
359
498
600
461
currentOddPair
0	1	2	3	4	5
Edge可經過幾次矩陣
0	2	0	1	0	1	
2	0	1	0	1	0	
0	1	0	2	0	1	
1	0	2	0	1	0	
0	1	0	1	0	2	
1	0	1	0	2	0	

Edge可經過幾次矩陣
0	0	0	0	0	0	
0	0	0	0	0	0	
0	0	0	0	0	0	
0	0	0	0	0	0	
0	0	0	0	0	0	
0	0	0	0	0	0	

cycles
0	1	0	
0	3	2	1	4	3	2	5	0	
4	5	4	

cycles
0	1	0	
0	3	2	1	4	3	2	5	0	
4	5	4	

cycles
4	5	4	
0	3	2	1	4	3	2	5	0	1	0	

cycles
0	3	2	1	4	3	2	5	0	1	0	
4	5	4	

route
0	3	2	1	4	5	4	3	2	5	0	1	0